,IFT,IFT_pred
941,39.8,39.982666
1263,56.35,58.14312
156,50.25,53.776127
383,27.88,27.480106
1316,67.55,67.85241
1248,44.63,45.890545
1453,57.24,57.754677
1097,44.2,43.892155
292,43.64,44.008774
258,39.5,38.48421
1471,68.8,69.08269
1175,41.88,40.61209
980,45.6,45.505707
362,31.5,32.852173
513,29.07,28.058153
404,29.26,30.259338
343,31.84,32.215748
1430,45.3,46.056747
1575,44.04,42.041386
1123,36.2,37.36711
777,40.7,41.44016
269,27.6,27.504515
230,28.4,27.711662
47,42.73,43.968662
300,46.96,46.57333
885,34.0,34.716503
1294,48.38,48.663177
708,31.9,32.583385
1028,49.3,49.02976
964,57.0,57.512135
919,34.7,35.524002
1381,55.6,57.15249
963,62.1,63.04877
515,26.91,27.524609
425,28.67,28.51228
1250,49.33,48.273117
1564,53.39,52.175632
293,38.59,39.009163
1560,37.7,43.633743
12,33.48,32.321926
628,42.1,40.943535
730,37.0,36.748474
1339,25.02,26.09282
1171,56.79,56.537296
1595,30.99,29.777948
840,40.1,38.6509
51,31.14,30.796658
949,33.5,32.481255
1290,57.46,54.287647
421,32.5,34.359917
176,44.15,44.81273
931,49.5,49.78325
908,40.7,40.06782
1256,69.26,68.54555
1048,36.1,36.0709
1001,50.7,50.694687
189,23.58,26.790419
438,29.95,28.17718
441,33.87,34.024834
70,37.36,38.43319
399,29.78,29.926088
487,27.73,27.327744
1416,53.25,54.093468
108,32.5,37.095585
552,29.27,29.298637
1530,62.95,59.500877
437,29.96,29.117504
222,42.4,41.733185
386,28.8,27.528038
936,44.4,45.288555
625,40.7,38.631447
629,36.4,38.309414
1297,44.86,45.1288
672,33.4,33.34344
836,44.8,44.681297
385,29.15,28.789612
246,28.2,28.626606
1531,60.77,58.590973
72,39.54,38.049656
1502,54.02,51.261818
1545,37.7,36.691013
615,22.7,25.268263
1143,59.6,58.805073
862,64.9,63.65264
573,33.6,33.38484
235,31.0,30.115208
86,28.28,29.455118
733,24.3,25.628832
992,67.4,67.10452
599,37.0,36.989902
1423,47.87,48.68576
1556,37.7,35.035454
1436,68.72,68.59065
983,43.7,43.976936
894,65.7,66.163925
995,58.7,57.584396
1022,65.5,66.21884
452,29.9,29.9775
1291,55.58,54.584724
1569,32.33,30.139732
1365,31.88,32.99051
1180,23.64,24.338942
236,22.4,23.657764
123,34.4,35.495983
924,35.2,33.980255
595,41.2,41.5222
26,33.91,34.718742
985,42.9,42.785435
1107,31.0,29.356087
509,37.76,36.903526
1501,56.45,53.81275
1512,64.68,66.85407
1077,33.6,32.47528
1583,22.2,22.435982
1546,63.0,63.47963
436,46.77,44.846855
791,30.3,30.29114
1505,71.28,71.77143
1076,35.3,35.583607
194,59.0,58.733566
759,31.2,32.35946
15,30.91,30.713633
1364,36.97,38.332775
1223,33.0,35.915257
253,34.1,33.17518
728,38.9,39.447556
1400,37.66,38.117844
1176,34.14,34.56887
561,51.0,51.45244
952,34.5,33.836914
544,36.64,36.81206
1568,32.35,30.3007
1382,54.83,56.397182
1588,34.09,32.66233
581,29.1,28.759981
46,45.27,44.096943
1135,30.99,30.994099
208,31.0,29.176691
517,22.97,24.090631
1414,54.21,52.22533
1114,35.6,35.51364
166,47.5,47.779728
141,25.0,26.073658
247,46.8,45.87622
1002,50.5,50.66455
1075,35.3,32.614094
856,35.6,35.254
202,36.0,34.575947
40,30.43,32.437393
1320,52.92,52.47847
1485,65.91,65.13568
1288,60.76,61.673374
133,22.8,23.724041
975,48.8,46.81678
412,32.59,35.12649
308,46.59,44.904274
149,31.6,29.117334
468,37.67,37.707417
1148,29.91,24.921173
104,45.8,47.526443
617,21.7,24.921299
748,33.9,34.128387
504,52.42,51.153847
1573,29.4,29.35794
34,39.02,35.62644
578,25.0,26.085226
880,38.3,38.415195
828,32.2,31.501871
944,38.9,36.70196
977,48.0,45.77176
1051,33.1,32.902046
928,58.2,56.316227
691,30.7,30.356277
1447,63.08,62.75081
433,39.45,39.05954
203,27.1,26.6798
1038,39.7,39.594696
577,31.9,30.907892
1533,55.05,52.85599
1091,46.1,46.095516
370,35.07,35.19143
820,34.1,34.08982
562,32.4,38.04427
1391,42.33,44.230495
1166,27.0,28.61941
212,29.1,28.662458
1433,43.21,42.03304
1565,42.37,41.8263
1157,47.96,47.784508
464,27.65,27.938429
586,20.2,23.842775
1516,67.2,66.14621
117,29.3,27.688448
523,48.5,48.66816
1103,33.1,32.042595
139,32.5,32.01237
1398,38.87,40.393764
1399,37.87,40.0621
315,27.51,27.647827
1486,64.2,63.97926
1004,49.4,46.43981
1594,31.22,30.74918
1561,33.0,36.944096
1567,32.98,29.644827
1570,52.1,51.695053
636,33.5,34.70299
521,55.58,54.279465
1579,25.1,25.110212
427,29.04,28.599659
1229,59.22,59.841087
1227,67.45,67.94685
1219,38.0,39.202057
556,22.25,24.312256
649,20.2,21.927675
1513,60.81,61.055286
1384,51.46,51.787205
587,27.2,27.345879
533,27.46,25.389637
735,58.2,59.07886
209,19.4,19.204077
812,36.6,36.98216
1108,40.1,41.187096
1033,44.5,46.1171
150,31.2,29.303713
1333,29.72,29.961727
384,29.4,28.527298
1006,48.9,45.967922
1600,27.16,26.711327
1073,37.0,38.81836
902,44.8,45.60005
832,57.2,57.87085
199,27.4,27.166975
470,44.63,43.860725
1344,21.57,24.354692
492,46.94,48.823734
1047,34.0,35.032364
576,25.7,26.340038
388,35.43,37.890427
669,28.4,28.774155
1481,66.79,65.51889
912,39.7,39.153397
782,35.8,35.742626
1035,42.5,42.272507
580,23.7,25.688581
447,47.87,47.141266
655,34.4,33.844055
997,54.9,56.869583
1559,40.6,41.63373
1589,33.74,31.873243
822,33.4,34.01704
654,61.0,60.66558
32,39.37,37.45475
681,38.5,38.947792
797,28.3,28.506815
855,34.8,33.600986
217,27.2,27.749054
1410,60.47,59.9217
568,27.3,27.831467
1532,58.39,56.43377
1296,45.97,46.66261
299,31.42,32.899876
1264,53.34,53.570324
7,29.05,28.655756
1495,61.0,58.030476
1167,27.25,28.634539
783,35.7,35.15537
446,44.79,44.728374
874,40.8,40.5962
501,62.48,63.22978
831,61.3,60.153206
495,36.87,36.807747
805,43.5,43.268353
993,62.2,61.906635
1211,30.6,30.400732
424,41.79,42.16139
1419,50.01,50.12868
181,23.5,27.044025
683,36.5,36.78857
688,53.3,53.337036
21,36.14,36.598194
687,33.8,33.65375
962,63.0,64.5757
527,37.46,37.444256
807,41.1,41.375572
531,30.31,30.49168
851,36.7,35.45492
1482,63.49,63.491013
61,34.09,34.746006
1016,44.2,43.092716
1235,60.11,59.87177
148,32.4,29.318441
787,32.3,31.162909
1504,49.17,51.193317
444,40.54,41.456272
348,46.13,45.756924
1418,51.23,53.046986
1337,27.22,28.100927
124,34.9,32.199593
1105,32.2,30.35181
6,28.55,28.453405
1275,48.17,44.400204
1441,67.39,68.05713
1443,60.84,61.942223
1394,40.92,45.85816
633,32.0,31.955833
976,47.2,47.65386
1491,61.54,60.838516
1299,40.76,40.877968
722,48.3,47.690784
136,45.2,48.599243
811,37.4,38.23378
98,45.41,47.483974
403,29.67,30.266165
762,31.6,31.013685
475,39.43,39.453854
1330,32.07,33.225647
344,29.41,29.826595
1208,38.4,33.37193
461,34.85,36.254
1448,59.54,60.160034
483,36.0,35.86463
656,53.4,53.8762
2,31.81,31.746956
915,36.6,36.39511
1090,60.6,60.639156
994,63.1,64.49546
1395,40.07,39.48369
432,36.66,37.46526
1210,31.2,29.970526
1508,62.01,61.843884
187,31.7,31.04274
1164,28.13,27.877356
3,31.14,30.70346
45,46.68,44.353317
826,32.4,32.315525
989,42.3,42.20161
1553,50.1,53.72391
1252,45.43,44.46442
1153,28.88,28.87627
1309,29.69,32.28212
1190,19.82,21.366259
346,27.49,28.26506
466,32.45,32.118797
559,55.4,53.40434
302,36.85,36.67786
159,25.65,27.308313
57,45.38,44.404762
1582,27.3,28.217424
1315,69.19,70.018684
23,35.42,36.763584
1024,59.6,60.017475
1186,29.0,29.584826
575,32.6,32.7849
419,27.74,28.256058
489,63.55,63.672066
806,40.8,41.81755
1041,38.4,40.451614
267,27.3,26.909498
286,34.58,32.738846
283,28.44,27.927637
858,35.4,35.262623
959,69.2,69.73076
33,38.43,36.063557
1450,64.77,63.023094
737,53.5,53.76434
720,52.4,51.938877
95,56.13,55.888702
1289,57.41,58.76141
1074,37.2,35.85582
663,30.1,30.593204
1321,52.3,51.73645
1179,24.35,24.164953
116,25.8,25.874388
965,58.4,58.438736
126,32.6,28.934677
1499,51.19,53.613956
1271,49.39,48.363216
8,27.86,27.704376
218,56.7,56.148785
366,43.02,44.406693
792,32.7,32.717667
864,58.6,58.094547
395,28.23,28.370092
732,35.6,34.627213
1326,38.01,36.07898
600,34.8,32.962013
1242,51.05,51.49819
1497,57.28,57.06974
1407,64.9,65.87852
1005,48.2,47.43954
390,28.32,28.284946
711,38.8,39.182453
1009,46.7,44.421753
514,27.44,28.44283
196,48.8,49.993332
843,42.1,42.80185
1096,50.0,48.538433
1232,60.41,60.085724
1510,69.71,70.17137
106,39.5,40.518368
75,30.8,31.091219
1212,29.8,28.883795
11,34.08,32.87905
696,37.9,37.085052
417,27.59,27.223059
1034,41.6,41.328003
431,33.54,34.036736
1549,40.4,42.321053
1246,50.53,51.759518
58,40.29,37.980247
929,52.4,52.793037
101,38.62,38.31023
1286,67.06,67.06114
376,27.53,27.314753
426,29.69,28.698954
463,41.47,40.596497
1283,38.36,37.442196
358,41.2,42.10695
1340,26.03,29.693605
1464,50.78,53.228855
207,24.6,25.726652
50,32.91,31.473402
71,40.8,39.827663
254,45.2,45.599865
870,44.3,44.899334
288,31.19,31.12133
165,51.32,54.786015
334,46.94,48.27249
601,34.7,34.7039
753,34.7,34.8438
1542,46.6,46.799053
583,28.3,28.060673
769,52.7,53.336647
1518,60.29,60.025387
847,39.5,38.454353
1493,55.58,55.786102
546,33.81,32.988396
1536,58.46,57.631355
1147,30.62,28.141523
1059,50.6,48.24282
1587,39.59,41.576275
626,46.9,47.51417
699,27.5,27.312511
1008,48.2,48.027058
1377,63.96,65.443054
1563,28.1,23.252998
1356,40.96,40.028774
220,49.5,47.16157
1442,64.1,64.87145
1454,54.0,54.23721
1201,13.84,15.195331
1306,36.16,35.599
85,30.41,29.95398
1181,23.38,22.835691
1544,38.3,38.738613
316,48.16,46.919537
1113,27.8,27.725655
796,31.5,31.854845
978,46.5,47.4183
643,24.5,24.28944
786,34.8,34.721462
1066,41.7,42.459137
277,35.95,36.292545
886,35.5,35.891598
228,28.8,28.320225
1162,30.1,32.615467
664,35.4,33.99675
534,25.52,25.754223
1195,28.49,28.647676
619,21.2,24.620651
1519,56.18,53.765324
775,43.3,43.716366
80,45.59,43.016273
1222,38.0,37.8446
824,33.0,32.342937
65,47.9,49.972664
1061,47.9,47.574493
35,38.56,35.62644
621,20.9,24.520834
1277,43.74,43.49293
916,37.4,36.79754
303,36.84,36.8405
